
0 44
0 49
0 64
0 70
1 10
1 44
1 50
1 64
1 67
1 75
2 64
2 75
2 80
3 57
3 64
3 80
4 63
4 70
4 88
5 12
5 50
5 64
5 67
6 75
6 77
6 79
6 88
7 57
7 64
7 67
7 79
8 85
9 57
9 70
9 85
10 61
10 75
10 77
11 34
11 44
11 80
13 34
13 67
13 80
15 44
15 51
15 63
15 70
15 79
16 51
16 57
16 61
16 64
17 50
17 57
17 64
18 57
18 61
18 63
18 77
19 57
19 61
19 79
19 85
20 57
20 67
20 88
21 75
21 79
21 80
22 77
22 85
23 51
23 61
23 88
24 20
24 49
24 61
24 75
25 49
25 70
26 77
26 80
27 20
27 75
27 80
28 8
28 20
28 50
28 88
29 88
30 79
30 80
31 63
31 70
31 77
31 85
32 49
32 52
32 64
32 75
33 61
33 80
34 52
34 57
34 61
35 85
37 34
37 44
37 49
37 51
37 52
37 63
38 57
38 63
38 64
38 70
38 75
38 85
39 63
39 79
39 80
39 88
41 88
43 88
44 88
45 44
45 70
45 85
45 88
47 51
47 52
47 57
47 80
47 85
48 44
48 50
48 61
48 67
48 70
49 80
50 51
50 52
50 61
50 75
52 51
52 63
52 75
52 79
52 85
53 51
53 70
53 75
53 77
54 50
54 61
54 63
54 64
56 51
56 57
56 79
56 88
57 70
57 85
58 57
59 64
60 52
60 64
60 75
60 80
61 79
62 51
62 63
62 75
63 75
63 79
63 80
65 70
65 85
68 26
68 34
68 51
68 52
69 50
69 51
69 61
69 63
69 88
70 77
70 79
71 80
72 61
72 63
72 64
72 77
73 26
73 50
73 51
73 52
73 67
73 75
73 88
74 75
74 79
75 49
76 26
76 50
76 63
76 70
76 75
76 77
76 79
76 85
76 88
78 52
78 57
78 67
78 80
78 85
78 88
80 64
81 26
81 50
81 61
81 77
82 50
82 52
82 64
82 80
83 52
83 70
83 79
83 80
84 8
84 10
84 12
84 20
84 63
84 64
84 77
84 79
84 88
86 20
86 44
86 51
86 63
86 70
86 79
86 80
87 34
87 51
87 64
87 77
87 88
89 64
89 80
89 88
90 52
90 67
91 67
91 85
93 51
94 70
94 77
94 88
95 70
96 50
96 51
96 57
96 67
96 70
97 64
97 70
97 75
97 77
98 49
98 51
98 57
98 77
99 70
99 75
99 85

0 44
0 49
0 64
0 70
1 10
1 44
1 50
1 64
1 67
1 75
2 64
2 75
2 80
3 57
3 64
3 80
4 63
4 70
4 88
5 12
5 50
5 64
5 67
6 75
6 77
6 79
6 88
7 57
7 64
7 67
7 79
8 85
9 57
9 70
9 85
10 61
10 75
10 77
11 34
11 44
11 80
13 34
13 67
13 80
15 44
15 51
15 63
15 70
15 79
16 51
16 57
16 61
16 64
17 50
17 57
17 64
18 57
18 61
18 63
18 77
19 57
19 61
19 79
19 85
20 57
20 67
20 88
21 75
21 79
21 80
22 77
22 85
23 51
23 61
23 88
24 20
24 49
24 61
24 75
25 49
25 70
26 77
26 80
27 20
27 75
27 80
28 8
28 20
28 50
28 88
29 88
30 79
30 80
31 63
31 70
31 77
31 85
32 49
32 52
32 64
32 75
33 61
33 80
34 52
34 57
34 61
35 85
37 34
37 44
37 49
37 51
37 52
37 63
38 57
38 63
38 64
38 70
38 75
38 85
39 63
39 79
39 80
39 88
41 88
43 88
44 88
45 44
45 70
45 85
45 88
47 51
47 52
47 57
47 80
47 85
48 44
48 50
48 61
48 67
48 70
49 80
50 51
50 52
50 61
50 75
52 51
52 63
52 75
52 79
53 51
53 70
53 75
53 77
54 50
54 61
54 63
54 64
56 51
56 57
56 79
56 88
57 70
57 85
58 57
59 64
60 52
60 64
60 75
60 80
61 79
62 51
62 63
62 75
63 75
63 79
63 80
65 70
65 85
68 26
68 34
68 51
68 52
69 50
69 51
69 61
69 63
69 88
70 77
70 79
71 80
72 61
72 63
72 64
72 77
73 26
73 50
73 51
73 52
73 67
73 75
73 88
74 75
74 79
75 49
76 26
76 50
76 63
76 70
76 75
76 77
76 79
76 85
76 88
78 52
78 57
78 67
78 80
78 85
78 88
80 64
81 26
81 50
81 61
81 77
82 50
82 52
82 64
82 80
83 52
83 70
83 79
83 80
84 8
84 10
84 12
84 20
84 63
84 64
84 77
84 79
84 88
86 20
86 44
86 51
86 63
86 70
86 79
86 80
87 34
87 51
87 64
87 77
87 88
89 64
89 80
89 88
90 52
90 67
91 67
91 85
93 51
94 70
94 77
94 88
95 70
96 50
96 51
96 57
96 67
96 70
97 64
97 70
97 75
97 77
98 49
98 51
98 57
98 77
99 70
99 75
99 85

0 44
0 49
0 64
0 70
1 10
1 44
1 50
1 64
1 67
1 75
2 64
2 75
2 80
3 57
3 64
3 80
4 63
4 70
4 88
5 12
5 50
5 64
5 67
6 75
6 77
6 79
6 88
7 57
7 64
7 67
7 79
8 85
9 57
9 70
9 85
10 61
10 75
10 77
11 34
11 44
11 80
13 34
13 67
13 80
15 44
15 51
15 63
15 70
15 79
16 51
16 57
16 61
16 64
17 50
17 57
17 64
18 57
18 61
18 63
18 77
19 57
19 61
19 79
19 85
20 57
20 67
20 88
21 75
21 79
21 80
22 77
22 85
23 51
23 61
23 88
24 20
24 49
24 61
24 75
25 49
25 70
26 77
26 80
27 20
27 75
27 80
28 8
28 20
28 50
28 88
29 88
30 79
30 80
31 63
31 70
31 77
31 85
32 49
32 52
32 64
32 75
33 61
33 80
34 52
34 57
34 61
35 85
37 34
37 44
37 49
37 51
37 52
37 63
38 57
38 63
38 64
38 70
38 75
38 85
39 63
39 79
39 80
39 88
41 88
43 88
44 88
45 44
45 70
45 85
45 88
47 51
47 52
47 57
47 80
47 85
48 44
48 50
48 61
48 67
48 70
49 80
50 51
50 52
50 61
50 75
52 51
52 63
52 75
52 79
52 85
53 51
53 70
53 75
53 77
54 50
54 61
54 63
54 64
56 51
56 57
56 79
56 88
57 70
57 85
58 57
59 64
60 52
60 64
60 75
60 80
61 79
62 51
62 63
62 75
63 75
63 79
63 80
65 70
65 85
68 26
68 34
68 51
68 52
69 50
69 51
69 61
69 63
69 88
70 77
70 79
71 80
72 61
72 63
72 64
72 77
73 26
73 50
73 51
73 52
73 67
73 75
73 88
74 75
74 79
75 49
76 26
76 50
76 63
76 70
76 75
76 77
76 79
76 85
76 88
78 52
78 57
78 67
78 80
78 85
78 88
80 64
81 26
81 50
81 61
81 77
82 50
82 52
82 64
82 80
83 52
83 70
83 79
83 80
84 8
84 10
84 12
84 20
84 63
84 64
84 77
84 79
84 88
86 20
86 44
86 51
86 63
86 70
86 79
86 80
87 34
87 51
87 64
87 77
87 88
89 64
89 80
89 88
90 52
90 67
91 67
91 85
93 51
94 70
94 77
94 88
95 70
96 50
96 51
96 57
96 67
96 70
97 64
97 70
97 75
97 77
98 49
98 51
98 57
98 77
99 70
99 75
99 85

0 70
0 6
0 49
0 44
1 8
1 44
1 50
1 67
1 64
1 3
2 80
2 57
2 6
3 20
3 57
3 80
4 26
4 49
4 63
5 50
5 67
5 12
5 8
6 88
6 79
6 67
7 64
7 26
7 79
7 67
8 50
9 85
9 57
9 8
10 75
10 61
10 3
11 44
11 34
11 10
13 10
13 8
13 80
15 70
15 44
15 10
15 51
15 79
16 51
16 64
16 8
16 44
17 10
17 50
17 64
18 12
18 61
18 52
18 77
19 61
19 3
19 85
19 79
20 26
20 88
21 64
21 75
21 70
22 85
22 61
23 20
23 61
23 88
24 20
24 10
24 49
24 61
25 10
25 49
26 77
27 80
27 3
27 20
28 88
28 6
28 8
28 50
29 26
30 10
30 80
31 70
31 85
31 63
31 50
32 34
32 44
32 49
32 64
33 26
33 80
34 8
34 57
34 10
35 85
37 44
37 63
37 12
37 52
37 8
37 49
38 57
38 64
38 6
38 75
38 85
38 63
39 34
39 63
39 88
39 57
41 88
43 79
44 12
45 12
45 70
45 44
45 88
47 52
47 85
47 57
47 6
47 80
48 50
48 26
48 34
48 61
48 67
49 80
50 51
50 61
50 44
50 75
52 50
52 51
52 34
52 85
52 49
53 51
53 75
53 26
53 3
54 64
54 3
54 61
54 63
56 57
56 34
56 88
56 79
57 70
58 12
59 50
60 51
60 10
60 64
60 52
61 34
62 8
62 75
62 51
63 75
63 80
65 67
65 85
68 6
68 26
68 52
68 34
69 63
69 61
69 88
69 50
69 12
70 12
70 77
70 6
71 57
72 49
72 63
72 50
72 77
73 51
73 10
73 88
73 26
73 67
73 50
73 75
74 79
74 75
75 52
75 49
76 75
76 3
76 77
76 85
76 12
76 88
76 63
76 50
76 70
77 10
78 88
78 57
78 50
78 85
78 80
78 67
79 70
81 3
81 77
81 20
81 26
82 6
82 49
82 50
82 64
83 70
83 79
83 52
83 44
84 20
84 10
84 77
84 79
84 8
84 64
84 12
84 3
84 88
86 70
86 3
86 44
86 51
86 20
86 12
86 80
87 51
87 64
87 8
87 77
87 88
89 49
89 64
89 80
90 52
90 67
91 67
91 63
93 44
94 57
94 88
94 44
95 3
96 51
96 57
96 67
96 6
96 50
97 70
97 51
97 6
97 75
98 57
98 51
98 44
98 77
99 50
99 26
99 75

0 49
0 70
0 6
0 64
1 75
1 3
1 67
1 50
1 64
1 44
2 64
2 57
2 75
3 57
3 64
3 20
4 26
4 63
4 70
5 64
5 12
5 67
5 10
6 67
6 79
6 70
6 88
7 67
7 79
7 8
7 64
8 50
9 57
9 8
9 12
10 61
10 34
10 77
11 34
11 80
11 26
13 10
13 8
13 67
15 51
15 63
15 10
15 70
15 26
16 44
16 64
16 8
16 51
17 50
17 26
17 57
18 63
18 57
18 12
18 61
19 6
19 3
19 57
19 85
20 26
20 88
21 75
21 64
21 70
22 77
22 34
23 51
23 49
23 61
24 10
24 20
24 12
24 75
25 12
25 10
26 63
27 75
27 20
27 3
28 3
28 8
28 88
28 50
29 44
30 79
30 10
31 85
31 50
31 77
31 70
32 75
32 52
32 44
32 49
33 50
33 26
34 8
34 52
35 80
37 52
37 8
37 12
37 44
37 51
37 63
38 75
38 6
38 70
38 57
38 64
38 85
39 34
39 79
39 63
39 88
41 52
43 26
44 50
45 88
45 34
45 85
45 44
47 57
47 6
47 80
47 85
47 52
48 34
48 67
48 61
48 26
48 70
49 52
50 75
50 52
52 85
52 63
52 75
53 26
53 51
53 70
53 75
54 3
54 20
54 61
54 50
56 44
56 88
56 51
56 79
57 85
57 70
58 12
59 50
60 64
60 80
60 52
60 51
61 50
61 79
62 51
62 63
62 6
63 75
63 79
65 70
65 44
68 6
68 3
68 51
68 34
69 51
69 12
69 50
69 44
69 63
70 79
71 52
72 50
72 61
72 49
72 64
73 10
73 50
73 6
73 88
73 26
73 67
73 52
74 44
74 79
75 49
75 10
76 12
76 50
76 3
76 88
76 63
76 75
76 77
76 79
76 85
77 26
78 52
78 57
78 85
78 49
78 88
78 67
80 63
80 64
80 26
81 61
81 26
81 20
81 50
82 52
82 64
82 50
82 6
83 51
83 44
83 52
83 70
84 79
84 12
84 10
84 3
84 64
84 20
84 6
84 63
84 8
85 8
86 12
86 80
86 70
86 63
86 3
86 51
86 79
87 88
87 34
87 64
87 51
87 77
89 80
89 64
89 8
90 49
90 3
91 85
91 67
93 51
94 70
94 77
94 44
95 67
96 50
96 49
96 70
96 67
96 57
97 51
97 77
97 75
97 64
98 57
98 51
98 49
98 3
99 75
99 26
99 85
